4294967294,0
4294967279,110
4294967279,109
4294967279,108
4294967279,107
4294967279,106
4294967279,105
4294967279,104
4294967278,119
4294967278,117
4294967278,116
4294967278,115
4294967278,114
4294967278,113
4294967278,112
4294967278,111
4294967278,110
4294967278,109
4294967278,108
4294967278,104
4294967278,103
4294967278,102
4294967279,103
4294967279,102
4294967279,101
4294967279,100
4294967279,99
4294967279,98
4294967279,97
4294967279,96
4294967294,439
4294967294,134
4294967294,440
4294967294,425
4294967294,427
4294967294,1151
4294967294,1408
4294967294,1409
4294967294,1150
4294967294,428
4294967294,148
4294967294,421
4294967279,329
4294967279,0
4294967294,424
4294967294,430
4294967294,99
4294967294,41
4294967294,120
4294967294,43
4294967294,416
4294967294,51
4294967294,52
4294967294,451
4294967294,831
4294967294,104
4294967294,160
4294967294,119
4294967294,168
4294967294,127
4294967294,14
4294967294,126
4294967294,969
4294967294,964
4294967294,830
4294967294,144
4294967294,182
4294967294,179
4294967294,173
4294967294,170
4294967294,163
4294967294,161
4294967294,936
4294967294,935
4294967294,933
4294967294,932
4294967294,927
4294967294,916
4294967294,827
4294967294,825
4294967294,824
4294967294,823
4294967294,822
4294967294,60
4294967294,972
4294967294,83
4294967294,92
4294967294,12
4294967278,132
4294967278,131
4294967278,130
4294967278,129
4294967278,128
4294967278,127
4294967278,126
4294967278,125
4294967278,124
4294967278,123
4294967278,122
4294967278,121
4294967278,120
4294967278,118
4294967278,107
4294967278,106
4294967278,105
4294967279,95
4294967279,94
4294967279,93
4294967279,92
4294967279,91
4294967279,90
4294967279,89
4294967279,87
4294967279,86
4294967279,85
4294967279,84
4294967279,83
4294967279,82
4294967279,81
4294967279,80
4294967279,79
4294967279,78
4294967279,77
4294967279,76
4294967279,75
4294967279,74
4294967279,73
4294967279,72
4294967279,71
4294967279,70
4294967279,69
4294967279,68
4294967279,67
4294967279,66
4294967279,65
4294967279,64
4294967279,63
4294967279,62
4294967279,61
4294967279,60
4294967279,59
4294967279,58
4294967279,57
4294967279,56
4294967279,55
4294967279,54
4294967279,53
4294967279,52
4294967279,51
4294967279,50
4294967279,49
4294967279,48
4294967279,47
4294967279,46
4294967279,45
4294967279,44
4294967279,43
4294967279,42
4294967279,41
4294967279,40
4294967279,39
4294967279,38
4294967279,37
4294967279,36
4294967279,35
4294967279,34
4294967279,33
4294967279,32
4294967279,31
4294967279,30
4294967279,29
4294967279,28
4294967279,27
4294967279,26
4294967279,25
4294967279,24
4294967279,23
4294967279,22
4294967279,21
4294967279,20
4294967279,19
4294967279,18
4294967279,17
4294967279,16
4294967279,15
4294967279,14
4294967279,13
4294967279,12
4294967279,11
4294967279,10
4294967279,9
4294967279,8
4294967279,7
4294967279,6
4294967279,5
4294967279,4
4294967278,234
4294967278,232
4294967278,229
4294967278,218
4294967294,965
4294967294,963
4294967294,962
4294967294,961
4294967294,913
4294967294,912
4294967294,911
4294967294,910
4294967294,907
4294967294,906
4294967294,905
4294967294,904
4294967294,903
4294967294,902
4294967294,899
4294967294,897
4294967294,896
4294967294,128
4294967294,30
4294967294,46
4294967294,387
4294967294,167
4294967294,88
4294967294,39
4294967294,18
4294967294,20
4294967294,13
4294967294,106
4294967294,166
4294967294,24
4294967294,93
4294967294,95
4294967294,22
4294967294,17
4294967294,42
4294967294,76
4294967294,469
4294967294,25
4294967294,940
4294967294,26
4294967294,10
4294967294,966
4294967294,960
4294967294,909
4294967294,1
4294967294,419
4294967294,391
4294967294,188
4294967294,162
4294967294,11
4294967294,81
4294967294,67
4294967278,315
4294967279,328
4294967278,314
4294967278,260
4294967278,0
4294967279,327
4294967279,260
4294967294,6
0,5
4294967294,82
4294967294,68
25,4
25,3
25,2
25,1
4294967279,326
4294967278,313
4294967279,325
4294967279,324
4294967278,312
24,4
24,3
24,2
24,1
4294967279,323
4294967278,311
4294967279,322
4294967279,321
4294967278,310
4294967278,309
4294967279,320
23,6
23,5
23,4
23,3
23,2
23,1
4294967279,319
4294967278,308
4294967294,435
4294967279,318
4294967279,317
4294967278,307
22,4
22,3
22,2
22,1
4294967279,316
4294967278,306
4294967279,315
4294967279,314
4294967278,305
21,4
21,3
